6.877569999999999517e-02 nan
8.637960999999999556e-02 nan
1.039835209999999954e-01 nan
1.215874309999999958e-01 nan
1.391913409999999962e-01 nan
1.567952509999999966e-01 nan
1.743991619999999965e-01 nan
1.920030719999999969e-01 nan
2.096069819999999972e-01 nan
2.272108929999999971e-01 nan
2.448148029999999975e-01 nan
2.624187130000000256e-01 nan
2.800226230000000260e-01 nan
2.976265339999999981e-01 nan
3.152304439999999985e-01 nan
3.328343539999999989e-01 nan
3.504382650000000265e-01 nan
3.680421750000000269e-01 nan
3.856460850000000273e-01 nan
4.032499950000000277e-01 nan
4.208539059999999998e-01 nan
4.384578160000000002e-01 nan
4.560617260000000006e-01 nan
4.736656369999999727e-01 nan
4.912695469999999731e-01 nan
5.088734569999999735e-01 nan
5.264773670000000294e-01 nan
5.440812779999999460e-01 nan
5.616851880000000019e-01 nan
5.792890979999999468e-01 nan
5.968930089999999744e-01 nan
6.144969190000000303e-01 nan
6.321008289999999752e-01 nan
6.497047390000000311e-01 nan
6.673086499999999477e-01 nan
6.849125600000000036e-01 nan
7.025164699999999485e-01 nan
7.201203809999999761e-01 nan
7.377242910000000320e-01 nan
7.553282009999999769e-01 nan
7.729321110000000328e-01 nan
7.905360219999999494e-01 nan
8.081399320000000053e-01 nan
8.257438419999999502e-01 nan
8.433477529999999778e-01 nan
8.609516630000000337e-01 nan
8.785555729999999786e-01 nan
8.961594830000000345e-01 nan
9.137633939999999511e-01 nan
9.313673040000000070e-01 nan
9.489712139999999518e-01 nan
9.665751249999999795e-01 nan
9.841790350000000354e-01 nan
1.001782944999999980e+00 nan
1.019386855000000036e+00 nan
1.036990765999999953e+00 nan
1.054594676000000009e+00 nan
1.072198586000000065e+00 nan
1.089802496999999981e+00 nan
1.107406407000000037e+00 nan
1.125010317000000093e+00 nan
1.142614226999999927e+00 nan
1.160218138000000065e+00 nan
1.177822047999999899e+00 nan
1.195425957999999955e+00 nan
1.213029869000000094e+00 nan
1.230633778999999928e+00 nan
1.248237688999999984e+00 nan
1.265841599000000040e+00 nan
1.283445509999999956e+00 nan
1.301049420000000012e+00 nan
1.318653330000000068e+00 nan
1.336257240999999985e+00 nan
1.353861151000000040e+00 nan
1.371465061000000096e+00 nan
1.389068970999999930e+00 nan
1.406672882000000069e+00 nan
1.424276791999999903e+00 nan
1.441880701999999959e+00 nan
1.459484613000000097e+00 nan
1.477088522999999931e+00 nan
1.494692432999999987e+00 nan
1.512296343000000043e+00 nan
1.529900253999999959e+00 nan
1.547504164000000015e+00 nan
1.565108074000000071e+00 nan
1.582711984999999988e+00 nan
1.600315895000000044e+00 nan
1.617919805000000100e+00 nan
1.635523714999999934e+00 nan
1.653127626000000072e+00 nan
1.670731535999999906e+00 nan
1.688335445999999962e+00 nan
1.705939357000000101e+00 nan
1.723543266999999934e+00 nan
1.741147176999999990e+00 nan
1.758751087000000046e+00 nan
1.776354997999999963e+00 nan
1.793958908000000019e+00 nan
1.811562818000000075e+00 nan
1.829166728999999991e+00 nan
1.846770639000000047e+00 nan
1.864374549000000103e+00 nan
1.881978458999999937e+00 nan
1.899582370000000076e+00 nan
1.917186279999999909e+00 nan
1.934790189999999965e+00 nan
1.952394101000000104e+00 nan
1.969998010999999938e+00 nan
1.987601920999999994e+00 nan
2.005205831000000050e+00 nan
2.022809742000000188e+00 nan
2.040413651999999800e+00 nan
2.058017561999999856e+00 nan
2.075621472999999995e+00 nan
2.093225383000000051e+00 nan
2.110829293000000106e+00 nan
2.128433203000000162e+00 nan
2.146037113999999857e+00 nan
2.163641023999999913e+00 nan
2.181244933999999969e+00 nan
2.198848845000000107e+00 nan
2.216452755000000163e+00 nan
2.234056665000000219e+00 nan
2.251660574999999831e+00 nan
2.269264485999999970e+00 nan
2.286868396000000025e+00 nan
2.304472306000000081e+00 nan
2.322076217000000220e+00 nan
2.339680126999999832e+00 nan
2.357284036999999888e+00 nan
2.374887946999999944e+00 nan
2.392491858000000082e+00 nan
2.410095768000000138e+00 nan
2.427699678000000194e+00 nan
2.445303588999999889e+00 nan
2.462907498999999945e+00 nan
2.480511409000000000e+00 nan
2.498115319000000056e+00 nan
2.515719230000000195e+00 nan
2.533323139999999807e+00 nan
2.550927049999999863e+00 nan
2.568530961000000001e+00 nan
2.586134871000000057e+00 nan
2.603738781000000113e+00 nan
2.621342691000000169e+00 nan
2.638946601999999864e+00 nan
2.656550511999999920e+00 nan
2.674154421999999975e+00 nan
2.691758333000000114e+00 nan
2.709362243000000170e+00 nan
2.726966152999999782e+00 nan
2.744570062999999838e+00 nan
2.762173973999999976e+00 nan
2.779777884000000032e+00 nan
2.797381794000000088e+00 nan
2.814985704999999783e+00 nan
2.832589614999999839e+00 nan
2.850193524999999894e+00 nan
2.867797434999999950e+00 nan
2.885401346000000089e+00 nan
2.903005256000000145e+00 nan
2.920609166000000201e+00 nan
2.938213076999999895e+00 nan
2.955816986999999951e+00 nan
2.973420897000000007e+00 nan
2.991024807000000063e+00 nan
3.008628718000000202e+00 nan
3.026232627999999814e+00 nan
3.043836537999999869e+00 nan
3.061440449000000008e+00 nan
3.079044359000000064e+00 nan
3.096648269000000120e+00 nan
3.114252179000000176e+00 nan
3.131856089999999870e+00 nan
3.149459999999999926e+00 nan
