3.154490000000000072e-02 nan
4.917916600000000332e-02 nan
6.681343200000000593e-02 nan
8.444769800000000159e-02 nan
1.020819639999999973e-01 nan
1.197162310000000063e-01 nan
1.373504969999999881e-01 nan
1.549847629999999976e-01 nan
1.726190290000000072e-01 nan
1.902532949999999889e-01 nan
2.078875609999999985e-01 nan
2.255218270000000080e-01 nan
2.431560929999999898e-01 nan
2.607903590000000271e-01 nan
2.784246249999999812e-01 nan
2.960588920000000179e-01 nan
3.136931580000000275e-01 nan
3.313274239999999815e-01 nan
3.489616899999999911e-01 nan
3.665959560000000006e-01 nan
3.842302220000000101e-01 nan
4.018644880000000197e-01 nan
4.194987539999999737e-01 nan
4.371330199999999833e-01 nan
4.547672859999999928e-01 nan
4.724015529999999741e-01 nan
4.900358189999999836e-01 nan
5.076700849999999932e-01 nan
5.253043509999999472e-01 nan
5.429386170000000122e-01 nan
5.605728829999999663e-01 nan
5.782071490000000313e-01 nan
5.958414149999999854e-01 nan
6.134756810000000504e-01 nan
6.311099470000000045e-01 nan
6.487442140000000412e-01 nan
6.663784799999999953e-01 nan
6.840127459999999493e-01 nan
7.016470120000000144e-01 nan
7.192812779999999684e-01 nan
7.369155440000000334e-01 nan
7.545498099999999875e-01 nan
7.721840760000000525e-01 nan
7.898183420000000066e-01 nan
8.074526079999999606e-01 nan
8.250868749999999974e-01 nan
8.427211409999999514e-01 nan
8.603554070000000165e-01 nan
8.779896729999999705e-01 nan
8.956239390000000355e-01 nan
9.132582049999999896e-01 nan
9.308924710000000546e-01 nan
9.485267370000000087e-01 nan
9.661610029999999627e-01 nan
9.837952690000000278e-01 nan
1.001429536000000065e+00 nan
1.019063802000000019e+00 nan
1.036698067999999973e+00 nan
1.054332333999999927e+00 nan
1.071966600000000103e+00 nan
1.089600866000000057e+00 nan
1.107235132000000011e+00 nan
1.124869397999999965e+00 nan
1.142503663999999919e+00 nan
1.160137930999999956e+00 nan
1.177772196999999910e+00 nan
1.195406463000000086e+00 nan
1.213040729000000040e+00 nan
1.230674994999999994e+00 nan
1.248309260999999948e+00 nan
1.265943526999999902e+00 nan
1.283577793000000078e+00 nan
1.301212059000000032e+00 nan
1.318846324999999986e+00 nan
1.336480592000000023e+00 nan
1.354114857999999977e+00 nan
1.371749123999999931e+00 nan
1.389383390000000107e+00 nan
1.407017656000000061e+00 nan
1.424651922000000015e+00 nan
1.442286187999999969e+00 nan
1.459920453999999923e+00 nan
1.477554720000000099e+00 nan
1.495188986000000053e+00 nan
1.512823253000000090e+00 nan
1.530457519000000044e+00 nan
1.548091784999999998e+00 nan
1.565726050999999952e+00 nan
1.583360316999999906e+00 nan
1.600994583000000082e+00 nan
1.618628849000000036e+00 nan
1.636263114999999990e+00 nan
1.653897380999999944e+00 nan
1.671531646999999898e+00 nan
1.689165913999999935e+00 nan
1.706800179999999889e+00 nan
1.724434446000000065e+00 nan
1.742068712000000019e+00 nan
1.759702977999999973e+00 nan
1.777337243999999927e+00 nan
1.794971510000000103e+00 nan
1.812605776000000057e+00 nan
1.830240042000000011e+00 nan
1.847874307999999965e+00 nan
1.865508575000000002e+00 nan
1.883142840999999956e+00 nan
1.900777106999999910e+00 nan
1.918411373000000086e+00 nan
1.936045639000000040e+00 nan
1.953679904999999994e+00 nan
1.971314170999999948e+00 nan
1.988948436999999902e+00 nan
2.006582702999999857e+00 nan
2.024216968999999811e+00 nan
2.041851235999999847e+00 nan
2.059485501999999801e+00 nan
2.077119768000000199e+00 nan
2.094754034000000154e+00 nan
2.112388300000000108e+00 nan
2.130022566000000062e+00 nan
2.147656832000000016e+00 nan
2.165291097999999970e+00 nan
2.182925363999999924e+00 nan
2.200559630999999960e+00 nan
2.218193896999999914e+00 nan
2.235828162999999869e+00 nan
2.253462428999999823e+00 nan
2.271096695000000221e+00 nan
2.288730961000000175e+00 nan
2.306365227000000129e+00 nan
2.323999493000000083e+00 nan
2.341633759000000037e+00 nan
2.359268024999999991e+00 nan
2.376902292000000028e+00 nan
2.394536557999999982e+00 nan
2.412170823999999936e+00 nan
2.429805089999999890e+00 nan
2.447439355999999844e+00 nan
2.465073621999999798e+00 nan
2.482707888000000196e+00 nan
2.500342154000000150e+00 nan
2.517976420000000104e+00 nan
2.535610686000000058e+00 nan
2.553244953000000095e+00 nan
2.570879219000000049e+00 nan
2.588513485000000003e+00 nan
2.606147750999999957e+00 nan
2.623782016999999911e+00 nan
2.641416282999999865e+00 nan
2.659050548999999819e+00 nan
2.676684815000000217e+00 nan
2.694319081000000171e+00 nan
2.711953347000000125e+00 nan
2.729587614000000162e+00 nan
2.747221880000000116e+00 nan
2.764856146000000070e+00 nan
2.782490412000000024e+00 nan
2.800124677999999978e+00 nan
2.817758943999999932e+00 nan
2.835393209999999886e+00 nan
2.853027475999999840e+00 nan
2.870661741999999794e+00 nan
2.888296008000000192e+00 nan
2.905930274999999785e+00 nan
2.923564541000000183e+00 nan
2.941198807000000137e+00 nan
2.958833073000000091e+00 nan
2.976467339000000045e+00 nan
2.994101604999999999e+00 nan
3.011735870999999953e+00 nan
3.029370136999999907e+00 nan
3.047004402999999861e+00 nan
3.064638668999999815e+00 nan
3.082272935999999852e+00 nan
3.099907201999999806e+00 nan
3.117541468000000204e+00 nan
3.135175734000000158e+00 nan
3.152810000000000112e+00 nan
