4.054920000000000052e-02 nan
5.820926099999999825e-02 nan
7.586932300000000240e-02 nan
9.352938399999999319e-02 nan
1.111894449999999979e-01 nan
1.288495070000000020e-01 nan
1.465095680000000067e-01 nan
1.641696300000000108e-01 nan
1.818296909999999877e-01 nan
1.994897519999999924e-01 nan
2.171498139999999966e-01 nan
2.348098750000000012e-01 nan
2.524699360000000059e-01 nan
2.701299979999999823e-01 nan
2.877900589999999870e-01 nan
3.054501199999999916e-01 nan
3.231101820000000235e-01 nan
3.407702429999999727e-01 nan
3.584303050000000046e-01 nan
3.760903660000000093e-01 nan
3.937504270000000139e-01 nan
4.114104889999999903e-01 nan
4.290705499999999950e-01 nan
4.467306109999999997e-01 nan
4.643906729999999761e-01 nan
4.820507339999999807e-01 nan
4.997107949999999854e-01 nan
5.173708569999999618e-01 nan
5.350309180000000220e-01 nan
5.526909800000000539e-01 nan
5.703510410000000030e-01 nan
5.880111019999999522e-01 nan
6.056711639999999841e-01 nan
6.233312250000000443e-01 nan
6.409912859999999935e-01 nan
6.586513480000000254e-01 nan
6.763114089999999745e-01 nan
6.939714700000000347e-01 nan
7.116315319999999556e-01 nan
7.292915930000000158e-01 nan
7.469516550000000477e-01 nan
7.646117159999999968e-01 nan
7.822717769999999460e-01 nan
7.999318389999999779e-01 nan
8.175919000000000381e-01 nan
8.352519609999999872e-01 nan
8.529120230000000191e-01 nan
8.705720839999999683e-01 nan
8.882321450000000285e-01 nan
9.058922069999999493e-01 nan
9.235522680000000095e-01 nan
9.412123300000000414e-01 nan
9.588723909999999906e-01 nan
9.765324520000000508e-01 nan
9.941925139999999717e-01 nan
1.011852575000000032e+00 nan
1.029512635999999981e+00 nan
1.047172698000000013e+00 nan
1.064832758999999962e+00 nan
1.082492819999999911e+00 nan
1.100152881999999943e+00 nan
1.117812942999999892e+00 nan
1.135473004999999924e+00 nan
1.153133066000000095e+00 nan
1.170793127000000045e+00 nan
1.188453189000000076e+00 nan
1.206113250000000026e+00 nan
1.223773310999999975e+00 nan
1.241433373000000007e+00 nan
1.259093433999999956e+00 nan
1.276753494999999905e+00 nan
1.294413556999999937e+00 nan
1.312073618000000108e+00 nan
1.329733679999999918e+00 nan
1.347393741000000089e+00 nan
1.365053802000000038e+00 nan
1.382713864000000070e+00 nan
1.400373925000000019e+00 nan
1.418033985999999969e+00 nan
1.435694048000000000e+00 nan
1.453354108999999950e+00 nan
1.471014169999999899e+00 nan
1.488674231999999931e+00 nan
1.506334293000000102e+00 nan
1.523994354999999912e+00 nan
1.541654416000000083e+00 nan
1.559314477000000032e+00 nan
1.576974539000000064e+00 nan
1.594634600000000013e+00 nan
1.612294660999999962e+00 nan
1.629954722999999994e+00 nan
1.647614783999999943e+00 nan
1.665274844999999893e+00 nan
1.682934906999999924e+00 nan
1.700594968000000096e+00 nan
1.718255029999999905e+00 nan
1.735915091000000077e+00 nan
1.753575152000000026e+00 nan
1.771235214000000058e+00 nan
1.788895275000000007e+00 nan
1.806555335999999956e+00 nan
1.824215397999999988e+00 nan
1.841875458999999937e+00 nan
1.859535520000000108e+00 nan
1.877195581999999918e+00 nan
1.894855643000000089e+00 nan
1.912515704999999899e+00 nan
1.930175766000000070e+00 nan
1.947835827000000020e+00 nan
1.965495889000000052e+00 nan
1.983155950000000001e+00 nan
2.000816010999999950e+00 nan
2.018476072999999982e+00 nan
2.036136133999999931e+00 nan
2.053796194999999880e+00 nan
2.071456256999999912e+00 nan
2.089116317999999861e+00 nan
2.106776379999999893e+00 nan
2.124436440999999842e+00 nan
2.142096501999999791e+00 nan
2.159756563999999823e+00 nan
2.177416625000000217e+00 nan
2.195076686000000166e+00 nan
2.212736748000000198e+00 nan
2.230396809000000147e+00 nan
2.248056870000000096e+00 nan
2.265716932000000128e+00 nan
2.283376993000000077e+00 nan
2.301037055000000109e+00 nan
2.318697116000000058e+00 nan
2.336357177000000007e+00 nan
2.354017239000000039e+00 nan
2.371677299999999988e+00 nan
2.389337360999999937e+00 nan
2.406997422999999969e+00 nan
2.424657483999999918e+00 nan
2.442317544999999868e+00 nan
2.459977606999999900e+00 nan
2.477637667999999849e+00 nan
2.495297729999999881e+00 nan
2.512957790999999830e+00 nan
2.530617851999999779e+00 nan
2.548277913999999811e+00 nan
2.565937975000000204e+00 nan
2.583598036000000153e+00 nan
2.601258098000000185e+00 nan
2.618918159000000134e+00 nan
2.636578220000000083e+00 nan
2.654238282000000115e+00 nan
2.671898343000000065e+00 nan
2.689558405000000096e+00 nan
2.707218466000000046e+00 nan
2.724878526999999995e+00 nan
2.742538589000000027e+00 nan
2.760198649999999976e+00 nan
2.777858710999999925e+00 nan
2.795518772999999957e+00 nan
2.813178833999999906e+00 nan
2.830838894999999855e+00 nan
2.848498956999999887e+00 nan
2.866159017999999836e+00 nan
2.883819079999999868e+00 nan
2.901479140999999817e+00 nan
2.919139202000000211e+00 nan
2.936799263999999798e+00 nan
2.954459325000000192e+00 nan
2.972119386000000141e+00 nan
2.989779448000000173e+00 nan
3.007439509000000122e+00 nan
3.025099570000000071e+00 nan
3.042759632000000103e+00 nan
3.060419693000000052e+00 nan
3.078079755000000084e+00 nan
3.095739816000000033e+00 nan
3.113399876999999982e+00 nan
3.131059939000000014e+00 nan
3.148719999999999963e+00 nan
