6.786459999999999715e-02 nan
8.547377400000000236e-02 nan
1.030829469999999942e-01 nan
1.206921209999999994e-01 nan
1.383012949999999908e-01 nan
1.559104689999999960e-01 nan
1.735196420000000017e-01 nan
1.911288160000000069e-01 nan
2.087379900000000121e-01 nan
2.263471629999999901e-01 nan
2.439563369999999953e-01 2.273242212351837921e+01
2.615655109999999728e-01 -6.365405165118360742e+00
2.791746849999999780e-01 -1.693630493011398386e+01
2.967838580000000115e-01 -1.302151962126860241e+01
3.143930320000000167e-01 -1.329280590367888237e+01
3.320022060000000219e-01 -1.889545217594047699e+01
3.496113789999999999e-01 -1.831790775796657300e+01
3.672205530000000051e-01 -1.032179473093399125e+01
3.848297270000000103e-01 6.978176115781131728e-01
4.024389010000000155e-01 3.944742351936856295e+00
4.200480739999999935e-01 1.273566198284203921e+00
4.376572479999999987e-01 -1.947285614478371230e+00
4.552664220000000039e-01 -5.318389508780231978e+00
4.728755949999999819e-01 -7.564826424174587061e+00
4.904847689999999871e-01 -8.923639475409981259e+00
5.080939429999999923e-01 -9.320932871825942101e+00
5.257031170000000531e-01 -9.036504574903805320e+00
5.433122900000000310e-01 -8.539760449311053492e+00
5.609214639999999807e-01 -8.094287175561127867e+00
5.785306380000000415e-01 -7.397140958805113797e+00
5.961398110000000194e-01 -6.247161603426860665e+00
6.137489849999999691e-01 -5.101561187766765926e+00
6.313581590000000299e-01 -4.477092115920719095e+00
6.489673329999999796e-01 -4.575022202046795883e+00
6.665765059999999576e-01 -4.970882494239027949e+00
6.841856800000000183e-01 -5.503424242173569070e+00
7.017948539999999680e-01 -5.819164470916252441e+00
7.194040269999999460e-01 -5.648959527963491212e+00
7.370132010000000067e-01 -5.536403250976263735e+00
7.546223749999999564e-01 -5.353957332012530657e+00
7.722315490000000171e-01 -4.967253890705727315e+00
7.898407219999999951e-01 -4.605218714765026533e+00
8.074498959999999448e-01 -4.183356144216869410e+00
8.250590700000000055e-01 -3.729019015002847937e+00
8.426682429999999835e-01 -3.399987098501693339e+00
8.602774170000000442e-01 -3.154667243122638354e+00
8.778865909999999939e-01 -3.093155792541622873e+00
8.954957650000000546e-01 -3.098406623570088669e+00
9.131049380000000326e-01 -3.110972064260288050e+00
9.307141119999999823e-01 -3.080568872055621910e+00
9.483232860000000430e-01 -3.070744722974183105e+00
9.659324590000000210e-01 -2.990611323466460192e+00
9.835416329999999707e-01 -2.864150807612460881e+00
1.001150806999999920e+00 -2.709204480841794549e+00
1.018759981000000092e+00 -2.584224735961608843e+00
1.036369153999999959e+00 -2.402022530908407560e+00
1.053978327999999909e+00 -2.281038750937753434e+00
1.071587502000000081e+00 -2.159140463061049786e+00
1.089196674999999948e+00 -2.094833582710634801e+00
1.106805848999999897e+00 -1.951499843255493971e+00
1.124415023000000069e+00 -1.991088739865080726e+00
1.142024197000000019e+00 -1.821541028178533139e+00
1.159633370000000108e+00 -1.837425698813440533e+00
1.177242544000000057e+00 -1.870508834430687273e+00
1.194851718000000007e+00 -1.757518649211288420e+00
1.212460891000000096e+00 -1.694790569106810807e+00
1.230070065000000046e+00 -1.671608827905398442e+00
1.247679238999999995e+00 -1.531657189627022575e+00
1.265288412999999945e+00 -1.553528486472210091e+00
1.282897586000000034e+00 -1.393588150554464278e+00
1.300506759999999984e+00 -1.379338881336664713e+00
1.318115933999999934e+00 -1.369362363431161356e+00
1.335725107000000023e+00 -1.299210505190675491e+00
1.353334280999999972e+00 -1.223706022849331276e+00
1.370943454999999922e+00 -1.278882387978821811e+00
1.388552629000000094e+00 -1.321832734748124238e+00
1.406161801999999961e+00 -1.144626848212084269e+00
1.423770975999999910e+00 -1.211751185141320519e+00
1.441380150000000082e+00 -1.194213164711399600e+00
1.458989322999999949e+00 -1.138339037461282288e+00
1.476598496999999899e+00 -1.049195550393466903e+00
1.494207671000000071e+00 -1.116160211608143271e+00
1.511816845000000020e+00 -9.913106741086359364e-01
1.529426018000000109e+00 -1.052576481500242522e+00
1.547035192000000059e+00 -9.306469832965973410e-01
1.564644366000000009e+00 -9.610910534519412352e-01
1.582253539000000098e+00 -8.240672258298538111e-01
1.599862713000000047e+00 -8.042470826426111330e-01
1.617471886999999997e+00 -7.736026598580139080e-01
1.635081060999999947e+00 -7.152310964646950708e-01
1.652690234000000036e+00 -6.941715341553020835e-01
1.670299407999999985e+00 -6.354565354403121091e-01
1.687908581999999935e+00 -5.948751053567811198e-01
1.705517755000000024e+00 -5.170936506770047458e-01
1.723126928999999974e+00 -5.313578258281950184e-01
1.740736102999999924e+00 -5.579172745295437608e-01
1.758345277000000095e+00 -5.204163140749002991e-01
1.775954449999999962e+00 -5.233807020091312268e-01
1.793563623999999912e+00 -5.189495511735984223e-01
1.811172798000000084e+00 -5.719521459796581553e-01
1.828781970999999951e+00 -5.059707699528956937e-01
1.846391144999999900e+00 -4.318712592931639449e-01
1.864000319000000072e+00 -4.023899134969965985e-01
1.881609493000000022e+00 -2.554117530514794510e-01
1.899218666000000111e+00 -3.204401343331078067e-01
1.916827840000000061e+00 -2.695599732201792165e-01
1.934437014000000010e+00 -2.153282975797239374e-01
1.952046187000000099e+00 -1.754102940889907813e-01
1.969655361000000049e+00 -2.830620697524075524e-01
1.987264534999999999e+00 -1.490570966688373744e-01
2.004873708999999948e+00 -1.390859520831639884e-01
2.022482881999999815e+00 -1.573619397955852151e-01
2.040092056000000209e+00 -1.783041082410505851e-01
2.057701230000000159e+00 -1.668337435394349200e-01
2.075310403000000026e+00 -1.718359776222513347e-01
2.092919576999999975e+00 -1.163944124741433939e-01
2.110528750999999925e+00 -8.546378441657509484e-02
2.128137924999999875e+00 -4.863420530625006677e-02
2.145747098000000186e+00 -5.496069963503558142e-02
2.163356272000000136e+00 -9.392550043309100261e-02
2.180965446000000085e+00 -4.718006236648619733e-02
2.198574618999999952e+00 -3.440399271879712728e-02
2.216183792999999902e+00 -2.351217590273790847e-02
2.233792966999999852e+00 5.422072458393145666e-02
2.251402140999999801e+00 1.073695864585246795e-01
2.269011314000000112e+00 7.738840345415454181e-02
2.286620488000000062e+00 5.735044239500552976e-02
2.304229662000000012e+00 1.114274585809411633e-01
2.321838834999999879e+00 9.160317665167028167e-02
2.339448008999999828e+00 -2.702753287304915375e-02
2.357057182999999778e+00 2.006749885858987170e-01
2.374666357000000172e+00 1.393181740701656679e-01
2.392275530000000039e+00 9.501737009411570511e-02
2.409884703999999989e+00 1.178972733648961935e-01
2.427493877999999938e+00 1.271123121416373181e-01
2.445103050999999805e+00 9.599967329461378540e-02
2.462712225000000199e+00 3.091595386485224140e-02
2.480321399000000149e+00 4.110324382866537007e-02
2.497930573000000098e+00 -2.474693961382001817e-03
2.515539745999999965e+00 -2.654729336346761670e-02
2.533148919999999915e+00 -2.838945556081284849e-02
2.550758093999999865e+00 -5.021280784984583079e-02
2.568367267000000176e+00 -1.236536029355619348e-01
2.585976441000000126e+00 -2.880665352697064918e-02
2.603585615000000075e+00 -9.682438395939385600e-02
2.621194789000000025e+00 -1.442174052154499009e-01
2.638803961999999892e+00 -6.660304615155965280e-02
2.656413135999999842e+00 -6.777165031570575593e-02
2.674022309999999791e+00 -1.912762203140161432e-02
2.691631483000000102e+00 6.705096433706714265e-02
2.709240657000000052e+00 3.263137494178636189e-02
2.726849831000000002e+00 5.104635634278764655e-02
2.744459004999999951e+00 -4.512972214985921937e-03
2.762068177999999818e+00 -4.558988722622814294e-02
2.779677352000000212e+00 -1.108881900060154635e-02
2.797286526000000162e+00 2.467644605381380529e-02
2.814895699000000029e+00 3.576899623466545108e-02
2.832504872999999979e+00 -2.199656695584195631e-02
2.850114046999999928e+00 -2.249269736642318662e-01
2.867723220999999878e+00 -2.683847541812447446e-01
2.885332394000000189e+00 2.537542586220808971e-01
2.902941568000000139e+00 1.375612554621760353e+00
2.920550742000000088e+00 3.653170246671940902e+00
2.938159914999999955e+00 7.755731264778052747e+00
2.955769088999999905e+00 1.777259432431432984e+01
2.973378262999999855e+00 3.701172894880181730e+01
2.990987436999999804e+00 nan
3.008596610000000116e+00 nan
3.026205784000000065e+00 nan
3.043814958000000015e+00 nan
3.061424130999999882e+00 nan
3.079033304999999832e+00 nan
3.096642478999999781e+00 nan
3.114251653000000175e+00 nan
3.131860826000000042e+00 nan
3.149469999999999992e+00 nan
