6.786459999999999715e-02 nan
8.547377400000000236e-02 nan
1.030829469999999942e-01 nan
1.206921209999999994e-01 nan
1.383012949999999908e-01 nan
1.559104689999999960e-01 nan
1.735196420000000017e-01 nan
1.911288160000000069e-01 nan
2.087379900000000121e-01 nan
2.263471629999999901e-01 nan
2.439563369999999953e-01 nan
2.615655109999999728e-01 nan
2.791746849999999780e-01 nan
2.967838580000000115e-01 nan
3.143930320000000167e-01 nan
3.320022060000000219e-01 nan
3.496113789999999999e-01 nan
3.672205530000000051e-01 nan
3.848297270000000103e-01 nan
4.024389010000000155e-01 nan
4.200480739999999935e-01 nan
4.376572479999999987e-01 nan
4.552664220000000039e-01 nan
4.728755949999999819e-01 nan
4.904847689999999871e-01 nan
5.080939429999999923e-01 nan
5.257031170000000531e-01 nan
5.433122900000000310e-01 nan
5.609214639999999807e-01 nan
5.785306380000000415e-01 nan
5.961398110000000194e-01 nan
6.137489849999999691e-01 nan
6.313581590000000299e-01 nan
6.489673329999999796e-01 nan
6.665765059999999576e-01 nan
6.841856800000000183e-01 nan
7.017948539999999680e-01 nan
7.194040269999999460e-01 nan
7.370132010000000067e-01 nan
7.546223749999999564e-01 nan
7.722315490000000171e-01 nan
7.898407219999999951e-01 nan
8.074498959999999448e-01 nan
8.250590700000000055e-01 nan
8.426682429999999835e-01 nan
8.602774170000000442e-01 nan
8.778865909999999939e-01 nan
8.954957650000000546e-01 nan
9.131049380000000326e-01 nan
9.307141119999999823e-01 nan
9.483232860000000430e-01 nan
9.659324590000000210e-01 nan
9.835416329999999707e-01 nan
1.001150806999999920e+00 nan
1.018759981000000092e+00 nan
1.036369153999999959e+00 nan
1.053978327999999909e+00 nan
1.071587502000000081e+00 nan
1.089196674999999948e+00 nan
1.106805848999999897e+00 nan
1.124415023000000069e+00 nan
1.142024197000000019e+00 nan
1.159633370000000108e+00 nan
1.177242544000000057e+00 nan
1.194851718000000007e+00 nan
1.212460891000000096e+00 nan
1.230070065000000046e+00 nan
1.247679238999999995e+00 nan
1.265288412999999945e+00 nan
1.282897586000000034e+00 nan
1.300506759999999984e+00 nan
1.318115933999999934e+00 nan
1.335725107000000023e+00 nan
1.353334280999999972e+00 nan
1.370943454999999922e+00 nan
1.388552629000000094e+00 nan
1.406161801999999961e+00 nan
1.423770975999999910e+00 nan
1.441380150000000082e+00 nan
1.458989322999999949e+00 nan
1.476598496999999899e+00 nan
1.494207671000000071e+00 nan
1.511816845000000020e+00 nan
1.529426018000000109e+00 nan
1.547035192000000059e+00 nan
1.564644366000000009e+00 nan
1.582253539000000098e+00 nan
1.599862713000000047e+00 nan
1.617471886999999997e+00 nan
1.635081060999999947e+00 nan
1.652690234000000036e+00 nan
1.670299407999999985e+00 nan
1.687908581999999935e+00 nan
1.705517755000000024e+00 nan
1.723126928999999974e+00 nan
1.740736102999999924e+00 nan
1.758345277000000095e+00 nan
1.775954449999999962e+00 nan
1.793563623999999912e+00 nan
1.811172798000000084e+00 nan
1.828781970999999951e+00 nan
1.846391144999999900e+00 nan
1.864000319000000072e+00 nan
1.881609493000000022e+00 nan
1.899218666000000111e+00 nan
1.916827840000000061e+00 nan
1.934437014000000010e+00 nan
1.952046187000000099e+00 nan
1.969655361000000049e+00 nan
1.987264534999999999e+00 nan
2.004873708999999948e+00 nan
2.022482881999999815e+00 nan
2.040092056000000209e+00 nan
2.057701230000000159e+00 nan
2.075310403000000026e+00 nan
2.092919576999999975e+00 nan
2.110528750999999925e+00 nan
2.128137924999999875e+00 nan
2.145747098000000186e+00 nan
2.163356272000000136e+00 nan
2.180965446000000085e+00 nan
2.198574618999999952e+00 nan
2.216183792999999902e+00 nan
2.233792966999999852e+00 nan
2.251402140999999801e+00 nan
2.269011314000000112e+00 nan
2.286620488000000062e+00 nan
2.304229662000000012e+00 nan
2.321838834999999879e+00 nan
2.339448008999999828e+00 nan
2.357057182999999778e+00 nan
2.374666357000000172e+00 nan
2.392275530000000039e+00 nan
2.409884703999999989e+00 nan
2.427493877999999938e+00 nan
2.445103050999999805e+00 nan
2.462712225000000199e+00 nan
2.480321399000000149e+00 nan
2.497930573000000098e+00 nan
2.515539745999999965e+00 nan
2.533148919999999915e+00 nan
2.550758093999999865e+00 nan
2.568367267000000176e+00 nan
2.585976441000000126e+00 nan
2.603585615000000075e+00 nan
2.621194789000000025e+00 nan
2.638803961999999892e+00 nan
2.656413135999999842e+00 nan
2.674022309999999791e+00 nan
2.691631483000000102e+00 nan
2.709240657000000052e+00 nan
2.726849831000000002e+00 nan
2.744459004999999951e+00 nan
2.762068177999999818e+00 nan
2.779677352000000212e+00 nan
2.797286526000000162e+00 nan
2.814895699000000029e+00 nan
2.832504872999999979e+00 nan
2.850114046999999928e+00 nan
2.867723220999999878e+00 nan
2.885332394000000189e+00 nan
2.902941568000000139e+00 nan
2.920550742000000088e+00 nan
2.938159914999999955e+00 nan
2.955769088999999905e+00 nan
2.973378262999999855e+00 nan
2.990987436999999804e+00 nan
3.008596610000000116e+00 nan
3.026205784000000065e+00 nan
3.043814958000000015e+00 nan
3.061424130999999882e+00 nan
3.079033304999999832e+00 nan
3.096642478999999781e+00 nan
3.114251653000000175e+00 nan
3.131860826000000042e+00 nan
3.149469999999999992e+00 nan
